NAME : Unnamed.1686.tour
COMMENT : Length = 1686
COMMENT : Found by LKH-3 [Keld Helsgaun] Sun Mar 24 20:03:57 2024
TYPE : TOUR
DIMENSION : 222
TOUR_SECTION
1
8
21
37
39
52
38
60
50
194
48
68
49
59
44
100
35
28
6
36
45
53
51
54
55
70
77
61
91
69
65
66
67
103
178
47
101
117
195
132
115
113
110
108
125
112
133
111
116
129
134
131
217
216
130
127
144
128
109
157
153
121
149
138
156
184
89
92
97
220
104
140
186
193
143
74
86
165
146
102
164
124
126
150
81
151
145
155
141
179
142
137
88
163
63
90
185
180
82
190
4
5
3
87
2
30
7
33
26
14
187
16
25
27
56
15
183
175
171
62
80
84
158
139
114
75
161
167
120
119
122
123
147
221
219
211
199
197
213
210
212
168
207
214
78
206
205
191
73
23
99
85
159
76
98
118
136
57
72
34
11
10
41
177
154
174
173
95
94
160
166
148
218
215
71
107
40
83
9
58
105
22
222
204
192
79
106
172
198
135
162
24
13
12
93
208
169
201
170
200
17
209
203
96
152
43
42
176
64
189
196
18
32
19
46
29
182
188
181
31
202
20
-1
EOF
