NAME : Unnamed.1546.tour
COMMENT : Length = 1546
COMMENT : Found by LKH-3 [Keld Helsgaun] Sun Mar 24 20:02:56 2024
TYPE : TOUR
DIMENSION : 198
TOUR_SECTION
1
96
99
198
197
77
91
106
107
146
145
189
191
65
37
71
70
20
72
50
19
24
5
82
84
85
59
64
8
42
53
56
74
51
88
83
86
80
60
26
52
25
48
35
29
27
73
33
12
49
32
44
43
177
175
75
57
54
89
58
79
151
158
167
3
39
180
38
92
105
135
2
182
165
95
103
155
156
188
164
185
34
150
178
176
179
168
120
137
140
66
97
121
119
101
110
76
15
18
7
10
6
4
11
28
93
9
13
23
17
16
90
94
21
108
139
102
138
130
98
78
81
128
127
126
149
132
163
142
134
148
118
116
184
172
136
123
68
124
194
109
143
69
67
111
100
41
36
87
157
186
40
104
174
160
173
30
45
193
31
55
46
47
153
22
113
159
187
112
133
152
114
141
117
14
115
147
161
162
181
144
125
166
154
170
62
171
122
63
129
131
196
190
195
61
169
192
183
-1
EOF
